{
 "cells": [
  {
   "cell_type": "markdown",
   "id": "da180fe5",
   "metadata": {},
   "source": [
    "Question 2"
   ]
  },
  {
   "cell_type": "code",
   "execution_count": 6,
   "id": "88a77706",
   "metadata": {},
   "outputs": [
    {
     "name": "stdout",
     "output_type": "stream",
     "text": [
      "Matrix 1:  [[-2 -2 -2]\n",
      " [ 3 -3 -5]\n",
      " [-8 -6 10]]\n",
      "Matrix 2:  [[-1  8 -4]\n",
      " [ 2  5  7]\n",
      " [-3 -9  9]]\n",
      "Matrix 3:  [[ 5  4  8]\n",
      " [ 7  8 -4]\n",
      " [ 1 -1  3]]\n"
     ]
    }
   ],
   "source": [
    "import numpy as np\n",
    "\n",
    "A = np.random.randint(-10, 11, size = (3, 3))\n",
    "\n",
    "B = np.random.randint(-10, 11, size = (3, 3))\n",
    "\n",
    "C = np.random.randint(-10, 11, size = (3, 3))\n",
    "\n",
    "print('Matrix 1: ', A)\n",
    "print('Matrix 2: ', B)\n",
    "print('Matrix 3: ', C)  "
   ]
  },
  {
   "cell_type": "code",
   "execution_count": 7,
   "id": "fbcac913",
   "metadata": {},
   "outputs": [
    {
     "name": "stdout",
     "output_type": "stream",
     "text": [
      "Inverse of Matrix 1:  [[-0.32608696  0.17391304  0.02173913]\n",
      " [ 0.05434783 -0.19565217 -0.08695652]\n",
      " [-0.22826087  0.02173913  0.06521739]]\n",
      "Inverse of Matrix 2:  [[-0.26470588  0.08823529 -0.18627451]\n",
      " [ 0.09558824  0.05147059  0.00245098]\n",
      " [ 0.00735294  0.08088235  0.05147059]]\n",
      "Inverse of Matrix 3:  [[-0.16666667  0.16666667  0.66666667]\n",
      " [ 0.20833333 -0.05833333 -0.63333333]\n",
      " [ 0.125      -0.075      -0.1       ]]\n"
     ]
    }
   ],
   "source": [
    "A_inv = np.linalg.inv(A)\n",
    "B_inv = np.linalg.inv(B)\n",
    "C_inv = np.linalg.inv(C)    \n",
    "\n",
    "print('Inverse of Matrix 1: ', A_inv)\n",
    "print('Inverse of Matrix 2: ', B_inv)\n",
    "print('Inverse of Matrix 3: ', C_inv)"
   ]
  },
  {
   "cell_type": "code",
   "execution_count": 10,
   "id": "0160759c",
   "metadata": {},
   "outputs": [
    {
     "name": "stdout",
     "output_type": "stream",
     "text": [
      "Verification of Matrix 1:  [[ 1.00000000e+00 -2.08166817e-17  0.00000000e+00]\n",
      " [-2.77555756e-17  1.00000000e+00  1.38777878e-17]\n",
      " [ 5.55111512e-17 -1.17961196e-16  1.00000000e+00]]\n",
      "Verification of Matrix 2:  [[ 1.00000000e+00 -5.55111512e-17  2.77555756e-17]\n",
      " [ 1.73472348e-17  1.00000000e+00  3.46944695e-17]\n",
      " [-1.73472348e-17 -4.16333634e-17  1.00000000e+00]]\n",
      "Verfication of Matrix 3:  [[ 1.00000000e+00  0.00000000e+00  3.33066907e-16]\n",
      " [ 1.11022302e-16  1.00000000e+00  2.77555756e-16]\n",
      " [ 8.32667268e-17 -2.77555756e-17  1.00000000e+00]]\n"
     ]
    }
   ],
   "source": [
    "print('Verification of Matrix 1: ', A @ A_inv)\n",
    "print('Verification of Matrix 2: ', B @ B_inv)\n",
    "print('Verfication of Matrix 3: ', C @ C_inv)"
   ]
  }
 ],
 "metadata": {
  "kernelspec": {
   "display_name": "base",
   "language": "python",
   "name": "python3"
  },
  "language_info": {
   "codemirror_mode": {
    "name": "ipython",
    "version": 3
   },
   "file_extension": ".py",
   "mimetype": "text/x-python",
   "name": "python",
   "nbconvert_exporter": "python",
   "pygments_lexer": "ipython3",
   "version": "3.12.2"
  }
 },
 "nbformat": 4,
 "nbformat_minor": 5
}
